111 30 7.0
0 2
1 3
3 4
2 5
3 6
3 8
1 9
1 10
2 12
2 14
3 16
0 17
3 18
3 20
3 22
3 24
0 25
1 27
2 28
0 30
3 32
2 34
3 35
1 36
2 38
1 40
0 42
3 44
2 48
0 50
1 51
2 52
3 53
3 54
1 56
0 60
3 62
0 64
2 64
1 66
3 66
0 68
2 68
1 70
3 70
0 72
2 72
1 74
3 74
0 76
2 76
1 78
3 78
0 80
2 80
1 82
3 82
0 84
2 85
1 86
3 87
0 88
2 89
1 90
3 91
0 92
1 94
3 96
1 98
0 100
2 101
1 102
3 103
2 104
1 105
3 106
0 107
2 108
1 109
3 110
0 111
2 112
1 113
3 114
1 115
3 116
0 117
2 118
1 119
3 120
0 121
2 122
3 124
1 125
3 126
2 128
1 129
3 130
0 131
2 132
1 133
3 134
1 135
3 136
2 138
1 139
3 140
0 141
2 142
3 143
3 144
1 145
3 146
2 147
2 148
0 149
3 150
0 151
2 152
3 153
3 154
1 155
3 156
2 157
2 158
0 159
3 160
0 161
2 162
3 163
3 164
1 165
3 166
2 167
2 168
0 169
3 170
0 171
2 172
3 173
3 174
1 175
3 176
2 177
2 178
0 179
2 180
3 181
1 182
2 183
2 184
1 185
3 186
2 187
2 188
0 189
3 190
3 191
1 192
2 193
2 194
3 196
2 198
0 199
3 200
3 201
1 202
2 203
1 204
1 205
3 206
2 207
2 208
3 210
3 211
1 212
2 213
3 214
1 215
3 216
2 217
2 218
0 219
3 220
1 222
2 223
3 224
1 225
3 226
2 227
2 228
0 229
3 230
3 231
1 232
2 233
3 234
1 235
3 236
2 237
2 238
0 239
3 240
3 241
1 242
2 243
3 244
1 245
3 246
2 247
2 248
0 249
3 250
3 251
1 252
2 253
3 254
1 255
3 256
2 257
2 258
0 259
3 260
3 261
1 262
2 263
3 264
1 265
3 266
2 267
2 268
0 269
3 270
2 272
1 273
2 274
2 275
3 276
0 278
1 280
3 282
2 284
3 285
3 286
0 288
1 290
0 292
3 294
1 296
3 298
0 299
0 300
3 302
3 304
0 306
2 307
2 308
1 309
1 310
2 311
0 312
3 314
2 316
1 318
2 319
3 320
1 321
1 322
3 323
0 324
2 325
1 326
3 327
0 328
2 329
1 330
3 331
2 332
1 333
3 334
0 335
2 336
1 338
0 339
2 340
1 342
3 342
0 343
2 344
1 346
3 346
0 347
2 348
1 349
3 350
0 352
2 352
3 354
0 355
2 356
1 357
3 358
0 400
2 400
1 401
3 402
2 404
1 405
3 406
0 407
2 408
1 409
3 410
0 411
2 412
1 413
3 414
1 415
3 416
0 417
2 418
1 419
3 420
0 421
2 422
1 423
3 424
1 425
3 426
0 427
2 428
1 429
3 430
0 431
2 432
1 433
3 434
1 435
3 436
0 437
2 438
1 439
3 440
0 441
2 442
3 443
3 444
1 445
3 446
2 447
2 448
0 449
3 450
0 451
2 452
3 453
3 454
1 455
3 456
2 457
2 458
0 459
3 460
0 461
2 462
3 463
3 464
1 465
3 466
2 467
2 468
0 469
3 470
0 471
2 472
3 473
3 474
1 475
3 476
2 477
2 478
0 479
2 480
3 481
1 482
2 483
2 484
1 485
3 486
2 487
2 488
0 489
3 490
3 491
1 492
2 493
2 494
1 495
3 496
2 497
2 498
0 499
3 500
3 501
1 502
2 503
1 504
1 505
3 506
2 507
2 508
0 509
3 510
3 511
1 512
2 513
3 514
1 515
3 516
2 517
2 518
0 519
3 520
3 521
1 522
2 523
3 524
1 525
3 526
2 527
2 528
0 529
3 530
3 531
1 532
2 533
3 534
1 535
3 536
2 537
2 538
0 539
3 540
0 541
2 542
1 543
3 544
1 545
3 546
0 547
2 548
1 549
3 550
0 551
2 552
1 553
3 554
1 555
3 556
0 557
2 558
1 559
3 560
0 561
2 562
1 563
3 564
1 565
3 566
0 567
2 568
1 569
3 570
0 571
2 572
3 573
3 574
1 575
3 576
2 577
2 578
0 579
3 580
1 581
0 582
3 583
3 584
3 585
2 586
0 587
1 588
2 589
0 590
3 591
2 592
3 593
0 594
3 595
3 596
2 597
3 598
1 598
0 600
2 600
1 603
3 603
0 604
2 605